0.0
0.0
0.0
0.10000000149011612
0.0
0.0
0.0
0.0
0.0
0.0
0.0
0.0
0.0
0.0
0.0
0.0
0.0
0.0
0.0
0.0
0.0
0.0
0.0
0.0
0.0
0.0
0.0
0.0
0.0
0.0
0.0
0.0
0.0
0.0
0.0
0.0
0.0
0.0
0.0
0.0
0.0
0.0
0.0
0.0
0.0
0.0
0.0
0.0
0.0
0.0
0.0
0.0
0.0
0.0
0.0
0.0
0.0
0.0
0.0
0.0
0.0
0.0
0.10000000149011612
0.0
0.0
0.10000000149011612
0.10000000149011612
0.0
0.0
0.0
0.10000000149011612
0.0
0.20000000298023224
0.0
0.0
0.0
0.0
0.0
0.0
0.0
0.0
0.10000000149011612
0.0
0.0
0.0
0.0
0.0
0.10000000149011612
0.10000000149011612
0.0
0.0
0.0
0.0
0.0
0.0
0.0
0.0
0.0
0.0
0.10000000149011612
0.10000000149011612
0.0
0.0
0.0
0.0
0.0
0.20000000298023224
0.0
0.0
0.10000000149011612
0.10000000149011612
0.0
0.0
0.0
0.0
0.0
0.0
0.0
0.0
0.0
0.0
0.0
0.20000000298023224
0.0
0.10000000149011612
0.0
0.0
0.20000000298023224
0.0
0.0
0.0
0.0
0.0
0.10000000149011612
0.10000000149011612
0.0
0.0
0.0
0.0
0.0
0.0
0.10000000149011612
0.0
0.10000000149011612
0.10000000149011612
0.0
0.0
0.0
0.10000000149011612
0.0
0.0
0.0
0.0
0.0
0.0
0.0
0.0
0.10000000149011612
0.10000000149011612
0.10000000149011612
0.0
0.0
0.10000000149011612
0.0
0.10000000149011612
0.10000000149011612
0.0
0.0
0.0
0.10000000149011612
0.10000000149011612
0.0
0.0
0.0
0.30000001192092896
0.0
0.0
0.0
0.0
0.0
0.0
0.0
0.10000000149011612
0.0
0.0
0.0
0.10000000149011612
0.10000000149011612
0.0
0.0
0.0
0.0
0.0
0.0
0.0
0.0
0.0
0.0
0.0
0.0
